{
    "Ttest": {
        "t-statistic": 11.757059839978913,
        "p-value": 1.4125236351775536e-24
    },
    "Simul": {
        "Mean": 0.27321672526150864,
        "Std": 0.20691874120119697,
        "Var": 0.04281536546028793,
        "Median": 0.2166902620008549
    },
    "Delay": {
        "Mean": 0.1163016026340717,
        "Std": 0.09825543074901825,
        "Var": 0.009654129671675123,
        "Median": 0.09850042002341071
    },
    "OnlyRL": {
        "Mean": 0.08842710757741923,
        "Std": 0.062132320406199815,
        "Var": 0.0038604252390586737,
        "Median": 0.06735930964895956
    },
    "RLconv": {
        "Mean": 3839.63,
        "Std": 1136.0151817207375,
        "Var": 1290530.4931,
        "Median": 3924.0
    }
}